
// ==================== 開放街圖 (OSM) 權威範圍資料 ====================

// 理想大地渡假飯店 主島區邊界 (OSM Relation: 5828514)
const OSM_PROMISELAND = [
  [
    23.8674771,
    121.5259993
  ],
  [
    23.8666486,
    121.5254176
  ],
  [
    23.866625,
    121.5254147
  ],
  [
    23.866573,
    121.5254381
  ],
  [
    23.8655132,
    121.5270165
  ],
  [
    23.8645277,
    121.5287012
  ],
  [
    23.8651198,
    121.5293116
  ],
  [
    23.8654045,
    121.5296176
  ],
  [
    23.8655844,
    121.5298885
  ],
  [
    23.8657459,
    121.5300484
  ],
  [
    23.8659771,
    121.5300561
  ],
  [
    23.8661151,
    121.5300575
  ],
  [
    23.8664123,
    121.5300437
  ],
  [
    23.8665268,
    121.5301607
  ],
  [
    23.8666502,
    121.5302912
  ],
  [
    23.8670701,
    121.5300461
  ],
  [
    23.867857,
    121.5286267
  ],
  [
    23.8667713,
    121.5275962
  ],
  [
    23.8672325,
    121.5270035
  ],
  [
    23.8670087,
    121.526828
  ],
  [
    23.8674771,
    121.5259993
  ]
];

// 豐之谷自然生態公園 邊界 (OSM Relation: 2634139)
const OSM_FENGZHIGU = [
  [
    23.8655208,
    121.5268283
  ],
  [
    23.864995,
    121.5264433
  ],
  [
    23.864547,
    121.5261641
  ],
  [
    23.8638401,
    121.5258768
  ],
  [
    23.8634537,
    121.5257702
  ],
  [
    23.8632283,
    121.5257394
  ],
  [
    23.8629192,
    121.5257959
  ],
  [
    23.8624991,
    121.5259245
  ],
  [
    23.8625102,
    121.5267665
  ],
  [
    23.8624757,
    121.5270918
  ],
  [
    23.8624176,
    121.5272752
  ],
  [
    23.8622522,
    121.5277977
  ],
  [
    23.8621072,
    121.5282557
  ],
  [
    23.862058,
    121.5284114
  ],
  [
    23.8620551,
    121.5284475
  ],
  [
    23.8620933,
    121.5284725
  ],
  [
    23.862311,
    121.5285231
  ],
  [
    23.86234,
    121.5285646
  ],
  [
    23.862346,
    121.5286213
  ],
  [
    23.8620874,
    121.5291443
  ],
  [
    23.8635365,
    121.5302054
  ],
  [
    23.8641821,
    121.5291524
  ],
  [
    23.8644592,
    121.5286911
  ],
  [
    23.8655208,
    121.5268283
  ]
];

// 鄰近 A2 水岸園區 邊界 (OSM Way: 840605422)
const OSM_A2_WATERFRONT = [
  [
    23.8645277,
    121.5287012
  ],
  [
    23.8636835,
    121.5303205
  ],
  [
    23.863706,
    121.530421
  ],
  [
    23.8684518,
    121.5338078
  ],
  [
    23.8687527,
    121.5328546
  ],
  [
    23.8686133,
    121.5328762
  ],
  [
    23.8684034,
    121.5329056
  ],
  [
    23.8679907,
    121.5328601
  ],
  [
    23.8678068,
    121.5326856
  ],
  [
    23.8677496,
    121.5324959
  ],
  [
    23.8676715,
    121.5322133
  ],
  [
    23.8675414,
    121.5320294
  ],
  [
    23.8673611,
    121.5318321
  ],
  [
    23.8671512,
    121.5317031
  ],
  [
    23.8669673,
    121.5315893
  ],
  [
    23.8668165,
    121.5315855
  ],
  [
    23.8666187,
    121.5316349
  ],
  [
    23.8663672,
    121.5315476
  ],
  [
    23.8662094,
    121.5313466
  ],
  [
    23.8659475,
    121.531229
  ],
  [
    23.8657446,
    121.5311398
  ],
  [
    23.8656301,
    121.5308781
  ],
  [
    23.8656596,
    121.5306069
  ],
  [
    23.8657081,
    121.5302902
  ],
  [
    23.8657584,
    121.5300702
  ],
  [
    23.8657459,
    121.5300484
  ],
  [
    23.8655844,
    121.5298885
  ],
  [
    23.8654045,
    121.5296176
  ],
  [
    23.8651198,
    121.5293116
  ],
  [
    23.8645277,
    121.5287012
  ]
];
